
  -28.1603  -28.1603  -28.1603  -28.1603  -28.1603  -28.1603  -28.1603  -28.1603  -28.1603  -28.1603  -28.1603  -28.1603  -28.1603  -28.1603  -28.1603


  -28.1603  -28.1603  -28.1603  -28.1603  -28.1603  -28.1551  -28.1551  -28.1551  -28.1551  -28.1551  -28.1551  -28.1551  -28.1551  -28.1551  -28.1551


  -28.1551  -28.1551  -28.1551  -28.1551  -28.1551  -28.1551  -28.1551  -28.1551  -28.1551  -28.1551  -28.1551  -28.1551  -28.1551  -28.1551  -28.1551


  -28.1551  -28.1551  -28.1551  -28.1551  -28.1551  -28.1551  -28.1551  -28.0672  -28.0672  -28.0672  -28.0672  -28.0672  -28.0672  -28.0672  -28.0672


  -28.0672  -28.0672  -27.9569  -27.9569  -27.9569  -27.9569  -27.9569  -27.9569  -27.9569  -27.9569  -27.9569  -27.9569  -27.9569  -27.9569  -27.9569


  -27.9569  -27.9569  -27.9569  -27.9569  -27.9569  -27.9569  -27.9569  -27.9569  -27.9569  -27.9569  -27.9569  -27.9569  -27.9569  -27.9569  -27.9569


  -27.9569  -27.9569  -27.9569  -27.9569  -27.9569  -27.9569  -27.9569  -27.9569  -27.9569  -27.9569  -27.9569  -27.9569  -27.9569  -27.9569  -27.9569


  -27.9569  -27.9569  -27.9569  -27.9569  -27.9569  -27.9569  -27.9569  -27.9569  -27.9569  -27.9569  -27.9569  -27.9569  -27.9569  -27.9569  -27.9569


  -27.9569  -27.9569  -27.9569  -27.9569  -27.9569  -27.9569  -27.9569  -27.9569  -27.9569  -27.9569  -27.9569  -27.9569  -27.9569  -27.9569  -27.9569


  -27.9569  -27.9569  -27.9569  -27.9569  -27.9569  -27.9168  -27.9168  -27.9168  -27.9168  -27.9168  -27.9168  -27.9168  -27.9168  -27.9168  -27.9168


  -27.9168  -27.9168  -27.9168  -27.9168  -27.9168  -27.9168  -27.9168  -27.9168  -27.9168  -27.9168  -27.9168  -27.9168  -27.8023  -27.8023  -27.4336


  -27.4336  -27.4336  -27.4336  -27.4336  -27.4336  -27.4336  -27.4336  -27.4336  -27.4336  -27.4336  -27.4336  -27.4336  -27.4336  -27.4336  -27.4336


  -27.4336  -27.4336  -27.4336  -27.4336  -27.4336  -27.4336  -27.4336  -27.4336  -27.4336  -27.4336  -27.3240  -27.3240  -27.3240  -27.3240  -27.3240


  -27.3240  -27.3240  -26.4306  -26.4306  -24.2058

